-75 3 
-1 -37 
-83 -86 
94 -63 
36 1 
-5 -29 
-24 -11 
-59 -10 
-64 -66 
79 -62 
100 -35 
-28 -60 
-78 -94 
46 -92 
75 -92 
-19 -74 
10 -96 
16 -38 
72 -77 
-32 -23 
50 -36 
32 -85 
72 -9 
-84 -81 
56 -93 
-30 -88 
-84 3 
20 14 
-96 0 
25 -48 
51 -76 
-36 -62 
21 6 
29 -55 
87 -75 
79 2 
5 -1 
62 -48 
30 -99 
-92 -85 
19 -94 
79 -82 
43 -96 
98 -89 
-20 -10 
3 -1 
-84 -90 
42 -49 
77 -79 
-81 -3 
62 -52 
-73 5 
-19 -82 
28 -2 
-100 -76 
76 -93 
82 -43 
75 -45 
51 2 
30 -13 
-34 -95 
-13 -60 
-43 -94 
43 -64 
-21 -84 
98 -46 
1 10 
-35 -82 
99 -86 
28 -58 
-2 -80 
88 -42 
-71 13 
-19 -98 
56 11 
57 -99 
6 -31 
49 -85 
-24 -48 
55 -10 
74 -35 
11 -62 
21 -8 
-16 -71 
-3 -77 
-60 -19 
44 -21 
58 -2 
46 -19 
8 11 
2 -76 
26 -36 
18 8 
-4 -45 
-63 -6 
6 -81 
25 14 
-32 -52 
33 -70 
-21 -88 
-86 -4 
-35 -64 
-92 11 
95 -100 
41 -31 
-97 -76 
-1 -41 
-93 -79 
67 -85 
12 -18 
-66 -95 
53 -32 
17 -22 
82 -31 
-87 -55 
-64 -69 
-71 -74 
-57 -77 
13 -35 
17 3 
-88 -99 
-1 -60 
13 -62 
-78 6 
59 -24 
-53 -98 
62 -54 
-78 -64 
-31 -32 
86 -20 
98 -40 
-83 -6 
-5 -5 
20 7 
31 12 
19 -78 
13 1 
-36 4 
18 -40 
15 -77 
28 -10 
19 13 
-82 -29 
85 -28 
80 -51 
55 -45 
-74 -39 
15 -92 
7 -78 
-18 -32 
-87 -10 
11 -74 
5 -13 
-51 -84 
-67 -25 
-38 -13 
45 -75 
-59 -93 
-73 13 
84 -10 
54 -19 
67 -56 
84 -56 
5 -61 
-27 -59 
-33 -45 
94 6 
-40 -42 
84 -61 
-24 -66 
97 -40 
-70 -14 
91 8 
-22 -92 
76 -63 
-64 -62 
-19 -12 
-11 -78 
-83 -49 
12 -39 
98 -27 
47 11 
-92 -42 
-65 7 
-39 -85 
65 -25 
-20 12 
6 -1 
23 -44 
-42 -55 
-15 -30 
17 -6 
-62 -6 
85 7 
-62 -62 
66 -48 
-98 -73 
-67 -2 
86 -23 
97 -10 
61 -1 
85 -83 
78 -84 
67 -65 
-45 -66 
-86 -98 
93 -50 
16 -33 
-5 -100 
-74 -54 
82 2 
83 -84 
78 -92 
10 -47 
-89 -14 
-53 -7 
-2 -17 
-32 -44 
-13 3 
73 -74 
-99 -56 
16 9 
-95 -89 
-31 7 
75 -64 
86 -5 
100 -40 
-35 -47 
-98 -78 
46 -82 
-83 -18 
88 -12 
5 -22 
-11 -8 
-96 -12 
-81 -36 
99 -64 
96 -36 
18 -68 
55 -20 
71 -13 
-5 -81 
70 -2 
50 -76 
8 -1 
-69 3 
-12 -18 
-60 -64 
67 -14 
24 -88 
-96 -50 
-35 -87 
45 -6 
-42 -53 
-3 -29 
64 -27 
47 -9 
90 -20 
-13 -63 
-37 10 
-45 12 
6 -87 
52 -51 
-45 8 
30 -67 
-81 -80 
-79 0 
7 -20 
-57 -71 
-86 -78 
-62 -46 
87 -93 
29 -39 
92 -7 
8 -28 
-27 2 
-46 -15 
-70 -69 
-24 -71 
38 -23 
50 -58 
-61 -60 
24 -67 
-93 -83 
22 -55 
98 -83 
4 -50 
-7 1 
-38 -33 
26 -55 
60 -84 
-53 -71 
-5 -92 
-85 -78 
-35 -98 
-9 12 
-9 11 
-100 -98 
-57 -78 
30 -18 
24 -32 
31 -84 
-39 7 
91 -58 
85 -55 
22 -70 
-22 -38 
67 2 
-38 -21 
-67 -92 
55 -93 
-4 -100 
89 -85 
74 -67 
31 -22 
-5 6 
-62 -80 
-71 -24 
21 -70 
35 6 
77 -25 
78 -4 
-39 -38 
42 -48 
-64 -67 
69 -43 
-77 -99 
9 -20 
-85 -28 
84 -21 
4 -53 
47 -6 
83 7 
36 -50 
-6 6 
59 5 
-92 -69 
-77 0 
49 -8 
82 1 
98 -39 
-35 -63 
-19 -29 
-74 -83 
79 3 
41 -15 
23 12 
-41 -22 
26 9 
62 -5 
98 -95 
-26 -57 
-37 -58 
-62 -97 
-11 -15 
14 -49 
61 -11 
-88 -61 
15 -99 
17 -1 
52 -18 
-100 -25 
44 -60 
77 -35 
44 -32 
79 12 
92 -62 
-61 11 
-46 -99 
-13 0 
20 -98 
-88 -16 
24 -59 
-13 -62 
75 -5 
96 -76 
76 -13 
79 -53 
95 -92 
-59 9 
89 -34 
-100 -16 
82 8 
66 -28 
-5 -89 
-72 -43 
52 -89 
-4 -15 
-38 -92 
-15 -59 
-49 -35 
58 -83 
-35 -20 
83 -22 
60 8 
92 -55 
93 -80 
85 -76 
63 14 
64 -45 
-22 -72 
-65 -31 
0 -42 
-16 -27 
25 -3 
-60 -81 
24 -96 
-17 -42 
-54 -9 
-16 -30 
76 -78 
-24 -93 
48 2 
34 -2 
-24 -61 
16 3 
-60 -30 
-64 -39 
66 3 
19 -62 
35 -9 
50 -53 
21 -62 
38 -96 
-40 14 
79 -38 
87 -32 
23 -51 
-2 -54 
38 -64 
-34 -7 
-85 -70 
-95 -23 
-69 14 
86 -95 
23 5 
-90 -81 
-40 -75 
-8 -78 
-48 -36 
-98 -18 
5 -64 
-89 -91 
41 -17 
49 8 
75 -25 
-17 -85 
39 8 
-37 -72 
-14 13 
6 -41 
46 -8 
-54 -51 
-15 -95 
-29 -21 
-50 -53 
-94 -32 
-71 6 
-60 -33 
48 -93 
90 -74 
25 -85 
88 -19 
-31 -94 
42 2 
-14 -67 
31 -95 
-98 -40 
97 -29 
69 -94 
-87 -34 
-90 9 
-1 -44 
-94 7 
55 -86 
11 -21 
16 -97 
56 -35 
8 -82 
-100 -92 
-79 -17 
65 -60 
94 -27 
-8 2 
-95 -6 
-88 -10 
-30 -41 
5 -99 
-87 -58 
57 -19 
-26 -59 
-5 -33 
23 -31 
-28 -91 
-94 -37 
-40 -62 
-32 11 
-90 -58 
-53 -80 
-42 -28 
48 -80 
-1 -45 
94 -71 
7 -75 
-87 -21 
-67 -15 
35 -5 
-27 -87 
-29 -23 
33 -84 
79 -63 
-69 -91 
93 -72 
-9 -43 
34 -97 
84 12 
-64 -96 
41 -79 
78 -61 
84 -35 
-52 0 
37 -67 
-22 -27 
21 -74 
15 -32 
-68 -38 
-98 -43 
-58 -61 
68 -32 
20 0 
-99 13 
-20 -88 
7 -97 
-88 -13 
86 -63 
-12 12 
-40 -78 
-66 -36 
-85 -64 
-79 8 
100 -39 
0 14 
82 -18 
13 -57 
-59 -60 
-57 10 
16 -16 
-97 -82 
-10 10 
-41 -80 
-14 -61 
-85 -15 
-5 -20 
-12 -2 
63 9 
-9 -5 
87 -37 
26 -10 
-14 -42 
-66 10 
40 -67 
70 -59 
-58 -96 
51 -11 
-73 -12 
34 4 
22 -85 
6 -4 
25 -50 
-91 5 
12 -60 
93 -5 
-27 -56 
85 -78 
-35 -31 
-13 -78 
82 -45 
-41 -40 
-18 9 
-89 -1 
67 -63 
-93 -45 
46 -55 
8 2 
48 -18 
77 6
